37	0.35360508
38	0.012877395
39	-0.001700871
40	0.188132965
41	-0.145489567
42	-0.027923643
43	0.134977366
44	0.069495808
45	0.008264766
46	0.167039022
47	0.038913724
48	0.101025734
49	0.037049105
50	0.079752584
51	0.136395206
52	-0.020887531
53	0.006349062
54  -0.041212212
55	-0.259659245
56	0.024837431
57	0.072402683
58	0.065162336
59	0.132809364
60	0.020082847
61	-0.041982931
62	0.000826724
63	0.018032309
64	0.018982226
65	-0.9582191
66	0.015476105
67	0.100303461
68	-0.548962907
69	0.010432178
70	-0.476151116
71	-0.012683696
72	-0.017012466
73	-0.306633772
74	-0.517270634
75	-0.135791665
76	-0.492296323
77	-0.315680353
78	-2.433316746
79	-0.213385742
80	-1.326289592
81	0.003980527
82	-0.283792534
83	-0.004168076
84	-0.31871972
85	0.018811493
86	-1.351970952
87	-0.43355675
88	-2.406841445
89	-0.652823632
90	-0.566896434
91	0.093439781
92	-0.009937716
93	-0.736822414
94	-0.009668093
95	0.03210418
96	-0.583946052
97	-0.0012757
98	-1.383936738
99	-0.064893952
100	-0.000758254
101	-0.737437933
102	-0.050897879
103	-0.043826894
104	0.011760634
105	-0.348823726
106	-0.031224808
107	-0.371852809
108	-0.016925875
109	-0.09905012
110	-0.294092744
111	-1.992362871
112	-1.542076932
113	-0.250104488
114	-1.388132275
115	-2.361179168
116	-0.063892732
117	-2.482082934
118	-0.633904657
119	-0.786953851
120	-0.738518899
121	-1.085210334
122	-0.325633938
123	-0.069599766
124	-0.450741848
125	-0.108463253
126	-0.153768663
127	0.013075707
128	-1.127039984
129	-0.351032678
130	-0.950265646
131	-1.541908892
132	-0.297332216
133	-0.340612227
134	-0.368595464
135	-0.704662828
136	-1.049510151
137	-0.016763647
138	-0.250800014
139	-0.022371134
140	0.049328421
141	-0.079931617
142	0.022132052
143	-0.121690617
144	-0.37605505
145	-0.198175663
146	-0.10584925
147	-0.041225477
148	-0.010078076
149	-0.796738149
150	-0.122999326
151	-1.668551705
152	-0.502169545
153	-0.715782461
154	-0.924562419
155	-1.128704999
156	-0.933606899
157	-0.252113038
158	-1.154827179
159	-0.778177803
160	-0.295889515
161	-0.598984783
162	-1.109942216
163	-0.576816353
164	-1.184137535
165	-0.499572152
166	-0.715304052
167	-1.26725261
168	0.064689889
169	-0.241293407
170	-0.483502301
171	-0.354082463
172	-0.03667304
173	-0.341443957
174	-0.078021226
175	-1.143374699
176	0.023814344
177	-0.222345126
178	-0.688333936
179	0.004392731
180	-0.293149534
181	-0.030476672
182	-0.024206227
183	-0.335361058
184	-0.62881586
185	-0.653637412
186	-0.300296755
187	-0.115676229
188	-0.862266582
189	-0.316035077
190	-0.035257393
191	-0.046778679
192	-0.159633319
193	-0.064051776
194	-0.20853439
195	-0.15324275
196	-0.191737047
197	-0.059627336
198	-0.124809273
199	-0.128533078
200	-0.040964059
201	-0.025884957
202	-0.114825933
203	-0.014546846
204	0.070763223
205	0.064943732
206	0.068619456
207	0.04445326
208	0.08638516
209	0.057436388
210	-0.037243267
211	-0.066383721
212	-0.040231898
213	0.003706585
214	-0.274175393